# Dissertation Final Report

## Table of Contents
1. [Executive Summary](#executive-summary)  
2. [Introduction](#introduction)  
   - Context and Background  
   - Problem Statement  
   - Project Objectives  
   - Scope and Limitations  
   - Value Proposition  
   - Project Structure Overview  
3. [Literature Review and Industry Analysis](#literature-review-and-industry-analysis)  
   - Theoretical Foundations  
   - Empirical Evidence on Pay–Performance Sensitivity  
   - Methodological Approaches  
   - Industry and Regulatory Practices  
   - Gaps and Opportunities  
   - Bottom Line  
4. [Methodology and Data](#methodology-and-data)  
   - Methodological Justification  
   - Data Collection and Sources  
   - Data Preprocessing and Cleaning  
   - Constructed Indicators  
   - Analytical Techniques  
   - Ethical Considerations and Limitations  
   - Quality Assurance Measures  
   - Summary Statistics (Post-Cleaning)  
   - Tools and Technologies Used  
   - Data Dictionary  
   - Python Code Snippets  
5. [Analysis and Findings](#analysis-and-findings)  
   - Overview  
   - Descriptive Statistics  
   - Correlation Analysis  
   - Graphical Analysis  
   - Cross-Sectional Insights  
   - Key Findings  
   - Implications for Executive Pay Research  
   - Limitations of Findings  
6. [Discussion and Recommendations](#discussion-and-recommendations)  
7. [Conclusion](#conclusion)  
8. [Personal Reflection](#personal-reflection)  
9. [Technical Documentation](#technical-documentation)  

# 1\. Executive Summary

This project investigates the relationship between executive pay and company performance, focusing on how financial structures such as leverage, liquidity, and asset growth create the conditions under which incentives either support or undermine long-term value creation. Using a dataset of 17,511 firm-year observations from 4,400 publicly listed companies between 2012 and 2020, the study applies advanced data cleaning, financial ratio construction, and descriptive analytics to prepare the foundation for rigorous econometric testing.

The analysis highlights three key findings. First, firms with stronger liquidity buffers—measured by higher current and quick ratios—tend to rely less on leverage, supporting the view that sustainable financing is a prerequisite for effective incentive design. Second, asset growth is highly volatile across firms and over time, revealing the cyclical nature of investment and the potential risks of short-termist executive incentives. Third, cross-sectional patterns show a clear trade-off between debt and equity financing, with equity-heavy firms exhibiting greater resilience during shocks.

These findings provide direct business value by guiding remuneration committees and boards in aligning pay design with financial discipline. Well-structured contracts—such as indexed equity, longer vesting horizons, and strong clawback provisions—can reduce “pay-for-luck” and discourage excessive risk-taking in highly levered firms. The evidence also supports regulatory efforts such as the SEC’s Pay-versus-Performance disclosures (2022) and UK governance codes that emphasize transparency and accountability in incentive schemes.

From an implementation perspective, the project demonstrates how business analytics can translate raw accounting data into actionable insights. By integrating Python-based financial modeling, winsorized ratio construction, and clear visualization, the analysis builds a replicable framework for linking corporate finance with executive incentives. The approach is scalable and can be extended to incorporate CEO-specific pay data, enabling advanced econometric techniques such as System GMM to test causal relationships more robustly.

In summary, this dissertation underscores that the effectiveness of executive pay lies less in its absolute level and more in its design. Incentives tied to long-term financial health, balanced investment, and sustainable growth provide the clearest path to shareholder value and corporate resilience.

# 2\. Introduction

### Context and Background

Executive compensation has been one of the most debated topics in corporate governance, financial economics, and business practice for decades. The core question—does CEO pay improve company performance? —has attracted sustained attention from academics, regulators, investors, and the public. The logic is intuitive: when managers are rewarded appropriately, they are expected to work harder, take decisions that align with shareholder interests, and build long-term value. Yet evidence is far from conclusive. Some studies find positive links between pay and performance (Mehran, 1995; Manders, 2012), while others argue that high pay often leads to short-termism, excessive risk-taking, or “pay-for-luck” effects where managers are rewarded for factors outside their control (Jensen & Murphy, 1990; Bertrand & Mullainathan, 2001).

The past two decades have seen substantial regulatory reforms that attempt to address these concerns. The Dodd-Frank Act in the United States (2010) introduced mandatory disclosure of executive pay and empowered shareholders with advisory “say-on-pay” votes. In the United Kingdom, the Corporate Governance Code and the Investment Association’s Principles of Remuneration have pushed for stronger alignment between pay and sustainable performance. More recently, the U.S. Securities and Exchange Commission’s Pay-versus-Performance rules (2022) and clawback provisions (2023) have further tightened the link between executive rewards and company outcomes. These measures highlight the urgency of understanding how pay contracts interact with firm-level financial structures.

### Problem Statement

Despite decades of research, the empirical link between executive pay and company performance remains ambiguous. Traditional cross-sectional studies suffer from small sample sizes, short time horizons, and limited control for unobserved heterogeneity. Executive pay contracts are complex and multi-dimensional, involving fixed salary, annual bonuses, stock options, performance shares, and clawback rules. Performance outcomes are equally diverse, spanning accounting returns (ROA, ROE), market-based measures (Tobin’s Q, TSR), and broader indicators such as innovation or risk exposure.

Moreover, financial structure itself—leverage, liquidity, working capital management—conditions how incentives are perceived and acted upon. A firm with high leverage may amplify the risk-taking encouraged by convex option pay, while a firm with strong liquidity buffers may be more resilient to the short-term pressures embedded in annual bonus schemes. Existing literature often overlooks these interactions, focusing narrowly on the direct pay–performance sensitivity. This leaves a critical gap: to design effective incentives, we must understand how underlying balance-sheet dynamics shape managerial behavior.

### Project Objectives

This dissertation addresses the following objectives:

1. **Data-driven exploration**: Clean, transform, and analyze a large panel dataset of 17,511 firm-year records (2012–2020) covering 4,400 listed companies worldwide.
2. **Financial structure analysis**: Construct key ratios (leverage, liquidity, asset growth, investment intensity) to describe firms’ financing strategies and operating conditions.
3. **Analytical validation**: Apply winsorization, correlation analysis, and visualization to assess robustness and identify core patterns.
4. **Theoretical integration**: Interpret results considering agency theory, managerial power theory, and modern governance codes.
5. **Policy relevance**: Provide evidence-based recommendations for remuneration committees, regulators, and investors to design pay systems that support long-term value creation.

Ultimately, the project seeks to demonstrate that the design of incentives matters more than the level of pay. The research sets the groundwork for future econometric modeling—particularly System GMM—that can directly test causality between pay structures and firm outcomes.

### Scope and Limitations

The study focuses on publicly listed companies across multiple sectors between 2012 and 2020, using a dataset that integrates balance-sheet items (assets, liabilities, equity, receivables, inventory, PPE, intangibles, etc.) with firm identifiers and time variables. Key independent variables relate to executive pay (salary, bonus, equity), while dependent variables measure company performance (ROA, ROE, Tobin’s Q, TSR). Control variables include firm size, leverage, and industry sector.

However, several limitations apply. First, direct CEO-specific pay data are not available in the current dataset; compensation variables will need to be merged in future iterations. Second, while panel methods such as System GMM are well-suited to address endogeneity, they rely on valid instruments and careful implementation to avoid overfitting. Third, the study relies primarily on financial metrics, omitting qualitative drivers such as corporate culture or managerial talent. Finally, cross-country differences in governance systems may introduce noise, although year and industry dummies help mitigate this effect.

### Value Proposition

This dissertation contributes to academic literature, business practice, and policy in three ways:

1. **Academic Contribution**: It integrates multiple theoretical perspectives—agency theory (Jensen & Meckling, 1976), managerial power theory (Bebchuk & Fried, 2004), value creation theory, and symbolic perspectives—into one coherent framework. By linking pay design with financial structure, it extends the scope of traditional pay–performance studies.
2. **Practical Relevance**: For corporate boards and remuneration committees, the findings provide actionable insights on how liquidity, leverage, and asset composition should guide incentive design. For example, equity-heavy pay structures may be unsuitable for highly levered firms but effective in firms with robust liquidity.
3. **Policy Impact**: The study informs ongoing regulatory debates by providing empirical evidence of why disclosure, claw backs, and long-term alignment are essential. It demonstrates that poorly designed contracts can amplify financial fragility, while well-structured incentives can reinforce stability and long-term investment.

### Project Structure Overview

The dissertation is organized into nine sections. Following this introduction, the literature review critically examines prior studies and identifies key gaps. The methodology and data section describes the dataset, preprocessing steps, and econometric framework. The analysis and findings section presents descriptive statistics, correlations, and visualizations of leverage, liquidity, and growth. The discussion links these results to theory and practice, highlighting implications for pay design and governance. The conclusion summarizes achievements, acknowledges limitations, and outlines future research directions. The report ends with a personal reflection and technical documentation of code, tables, and figures.

# 3\. Literature Review and Industry Analysis

### 3.1 Theoretical Foundations

The debate over executive pays and performance is grounded in several major theories.

**Agency Theory** (Jensen & Meckling, 1976) argues that when ownership and control are separated, managers may act in their own interest rather than in that of shareholders. Pay contracts—especially variable and equity-linked components—are designed to align interests by tying managerial rewards to firm outcomes. A well-designed contract should reduce shirking, discourage wasteful expansion, and promote value-enhancing risk-taking. However, agency theory also acknowledges risks: if performance measures are noisy or incomplete, managers may prioritize short-term outcomes at the expense of long-term growth.

**Managerial Power Theory** (Bebchuk & Fried, 2004) provides a contrasting view. It suggests that CEOs can influence their own pay through board capture, social ties, or weak shareholder oversight. In such cases, high pay is less about performance incentives and more about managerial rent extraction. The theory predicts weak or distorted pay–performance sensitivities and emphasizes the role of governance structures in constraining power.

**Value Creation and Symbolic Theories** expand the debate. Value creation approaches highlight that incentive schemes should foster innovation, investment, and sustainable growth beyond short-term financial metrics. Symbolic theories suggest that executive pay also serves a communicative function, signaling legitimacy to investors and employees even when its economic impact is uncertain (Otten, 2007; N’Guessan, 2022).

Together, these perspectives underscore the importance of contract design: the mix of cash, equity, vesting horizons, and performance filters determines whether pay motivates alignment, enables rent extraction, or merely signals compliance with governance norms.

### 3.2 Empirical Evidence on Pay–Performance Sensitivity

Empirical research has produced mixed results, reflecting differences in data, methodology, and context.

**Early evidence** indicated weak sensitivity. Jensen & Murphy (1990) famously showed that CEO wealth changed by only a few dollars for every $1,000 change in firm value, suggesting limited alignment. Later studies highlighted the role of stock options and equity grants in strengthening this link (Core, Guay & Larcker, 2003).

**Pay-for-luck** emerged as a key critique. Bertrand & Mullainathan (2001) documented that CEOs often benefited from industry-wide or macroeconomic shocks beyond their control, with boards failing to filter out “luck.” Jenter & Kanaan (2015) further showed that CEOs were sometimes fired after negative industry shocks, even when they were not at fault, illustrating both distorted rewards and punishments.

**Short-termism and risk-taking** were also highlighted. Gao & Li (2015) found that CEOs reduced long-term investment and R&D when stock options were close to vesting, illustrating myopic behavior. Coles, Daniel & Naveen (2006) linked option-heavy pay structures to higher leverage and earnings volatility, especially problematic in already levered firms.

**Pay levels vs design**: Cooper, Gulen & Rau (2016) reported that firms with the highest incentive-based pay later underperformed, implying that excessive pay can backfire. Edmans, Gabaix & Jenter (2017) reviewed the literature and concluded that it is the design—indexed equity, vesting periods, claw backs—rather than the amount that determines effectiveness.

Overall, empirical evidence suggests that pay–performance sensitivity is context-dependent: alignment improves with equity-linked pay and longer horizons but is undermined by poor filters, excessive convexity, or managerial power.

### 3.3 Methodological Approaches

A central challenge in this literature is **endogeneity**—the difficulty of distinguishing causation from correlation. Three main sources are highlighted:

- **Reverse causality**: high-performing firms may simply afford higher pay.
- **Omitted variables**: unobserved factors (e.g., CEO talent, board quality) may drive both pay and performance.
- **Dynamic persistence**: past performance influences current outcomes and compensation decisions.

Traditional approaches such as OLS, Fixed Effects, and Random Effects mitigate some heterogeneity but cannot fully solve simultaneity. As a result, researchers increasingly use:

- **Dynamic Panel Models (System GMM)** (Arellano & Bond, 1991; Blundell & Bond, 1998): exploit lagged instruments to handle endogeneity. Roodman (2009) stressed the need for limited instruments and diagnostic checks (Hansen J test, AR(2) test).
- **Quasi-experiments**: Policy shocks (e.g., UK say-on-pay reform, SEC disclosure rules) provide before-and-after comparisons (Ferri & Maber, 2013).
- **Contract-level metrics**: Studies increasingly use delta (sensitivity of pay to firm value), vega (sensitivity to risk), vesting schedules, and relative performance evaluation indicators instead of total pay proxies (Core et al., 2003; Gao & Li, 2015).

The methodological lesson is clear: robust causal inference requires careful design, good instruments, and multiple performance outcomes.

### 3.4 Industry and Regulatory Practices

**United States**: The SEC’s 2022 Pay-versus-Performance rule requires firms to disclose links between CEO pay, total shareholder return (TSR), and peer performance. In 2023, clawback provisions were introduced to recover bonuses after financial restatements. These reforms aim to increase transparency, reduce pay-for-luck, and deter misreporting.

**United Kingdom**: The UK Corporate Governance Code emphasizes pay tied to long-term sustainable performance. The Investment Association (IA) Principles (2024/25) require longer vesting, post-vesting holding, and stricter justification of high pay levels. Clawbacks and ESG-linked metrics are increasingly used, but critics note continuing high pay in FTSE 100 firms (High Pay Centre, 2024).

**Industry dynamics**:

- **Technology firms** rely heavily on equity-based incentives with long vesting, often strengthening pay–performance links.
- **Retail and consumer services** face large pay gaps, as many workers are low paid, increasing scrutiny of CEO rewards.
- **Financial services** emphasize risk calibration, with regulators imposing caps on bonuses and stricter clawbacks post-2008 crisis.

These practices demonstrate convergence toward longer horizons, transparency, and accountability, though differences across sectors and countries remain substantial.

### 3.5 Gaps and Opportunities

Despite advances, several gaps persist:

1. **From levels to design**: Many studies still treat total compensation as the main variable, overlooking design features such as indexation, vesting, and clawbacks that are central to effective incentives.
2. **Filtering luck**: Boards often fail to apply robust relative performance evaluation, leaving CEOs exposed to rewards for uncontrollable shocks. Indexed equity and RPE-based scorecards remain underused.
3. **Non-financial metrics**: ESG targets are gaining prominence but often lack clarity, materiality, or measurability. The challenge is to identify metrics that genuinely improve long-term value.
4. **Causal identification**: Stronger designs using System GMM, natural experiments, and contract-level measures are still needed. Many older studies relied on limited datasets; newer, broader datasets (such as the one used here) allow deeper inference.
5. **Interaction with financial structure**: Few studies explicitly link pay design to leverage, liquidity, or asset composition, even though these factors fundamentally condition the risks and incentives faced by managers.

### 3.6 Bottom Line

The literature shows that executive pay affects company performance not through its absolute level but through its design. Poorly designed contracts encourage short-termism, excessive risk-taking, and pay-for-luck. Well-designed contracts—indexed equity, long horizons, relative performance evaluation, and clawbacks—create stronger alignment and promote sustainable value creation.

At the same time, industry practice and regulation are shifting toward transparency and accountability, but challenges remain in filtering luck, integrating non-financial metrics, and adapting to sector-specific contexts. This dissertation contributes to filling the gaps by linking pay design to firm-level financial structures—leverage, liquidity, and asset growth—that shape the environment in which incentives operate.

# 4\. Methodology and Data

### 4.1 Methodological Justification

The central research question how does CEO pay affect company performance? requires a methodology capable of addressing complex, dynamic relationships. Traditional cross-sectional analysis is insufficient because executive pay contracts evolve gradually, while company performance is influenced by both current and past outcomes. Moreover, endogeneity issues such as reverse causality, omitted variables, and simultaneity are well documented in the pay performance literature (Wooldridge, 2010).

To address these challenges, this dissertation adopts a **panel data framework**, which enables analysis of multiple firms across multiple years. This approach controls for unobserved heterogeneity that remains constant over time and allows the incorporation of dynamic effects. Specifically, the project prepares the dataset for **System Generalized Method of Moments (System GMM)** estimation (Arellano & Bond, 1991; Blundell & Bond, 1998). System GMM is widely recognized in corporate governance research for handling endogeneity by using lagged instruments, while diagnostic tests (Hansen J-test, AR(2) test) ensure validity (Roodman, 2009).

Although the current dataset does not yet contain CEO-specific pay variables, the methodology builds the analytical infrastructure data cleaning, ratio construction, descriptive analysis that enables the later integration of compensation data. This stepwise approach ensures both robustness and scalability.

### 4.2 Data Collection and Sources

The primary dataset is Kaggle’s **Financial Data of 4,400 Public Companies** (Kaggle, 2023), which provides balance-sheet and accounting items across multiple industries and countries. The time frame spans **2012–2020**, producing **17,511 firm-year observations** and **31 variables**.

Key variables include:

- **Firm identifiers**: stock, enddate (annual reporting date).
- **Balance sheet items**: total assets, total liabilities, equity, current assets, current liabilities, cash, inventory, receivables, property, plant & equipment (PPE), intangible assets, retained earnings.
- **Control variables**: firm size (log of total assets), leverage ratio, and industry dummies.

The dataset’s scope makes it well-suited for panel regression and dynamic modeling. It provides the structural financial context necessary to study how incentive contracts interact with balance-sheet decisions.

### 4.3 Data Preprocessing and Cleaning

Several steps were taken to ensure data quality:

1. **Deduplication and Sorting**
    - Removed duplicate firm-year entries.
    - Sorted by stock and enddate to prepare for lag-based calculations.
2. **Date Parsing**
    - Converted enddate into datetime format.
    - Extracted fiscal year for trend analysis.
3. **Missing Values**
    - Mean imputation for variables with <5% missing data.
    - Records with >20% missing were excluded.
4. **Outliers**
    - Applied **winsorization at the 1st and 99th percentiles** for ratios such as leverage and asset growth.
    - Log-transformed skewed variables (e.g., total assets, CEO pay when added later).
5. **Variable Transformation**
    - Constructed financial ratios (see below).
    - Standardized continuous variables into **z-scores** to stabilize regression.
    - Created dummy variables for industry and year.

**Data Dictionary**

| **column** | **dtype** | **non_null** | **nulls** | **unique** |
| --- | --- | --- | --- | --- |
| **stock** | object | 17511 | 0   | 4422 |
| **enddate** | datetime64\[ns\] | 17511 | 0   | 255 |
| **accountspayable** | float64 | 16415 | 1096 | 14819 |
| **inventory** | float64 | 9640 | 7871 | 8867 |
| **longtermdebt** | float64 | 11222 | 6289 | 10746 |
| **netreceivables** | float64 | 14544 | 2967 | 13691 |
| **nettangibleassets** | float64 | 17351 | 160 | 17089 |
| **longterminvestments** | float64 | 7499 | 10012 | 6874 |
| **totalcurrentassets** | float64 | 17331 | 180 | 16999 |
| **propertyplantequipment** | float64 | 15768 | 1743 | 14905 |
| **otherstockholderequity** | float64 | 12046 | 5465 | 9878 |
| **deferredlongtermassetcharges** | float64 | 6055 | 11456 | 5215 |
| **totalcurrentliabilities** | float64 | 17316 | 195 | 16830 |
| **cash** | float64 | 16929 | 582 | 15816 |
| **otherassets** | float64 | 15863 | 1648 | 13772 |
| **treasurystock** | float64 | 12972 | 4539 | 11239 |
| **goodwill** | float64 | 9663 | 7848 | 7307 |
| **otherliab** | float64 | 14222 | 3289 | 13079 |
| **retainedearnings** | float64 | 16091 | 1420 | 15882 |
| **othercurrentassets** | float64 | 11209 | 6302 | 9404 |
| **commonstock** | float64 | 16329 | 1182 | 7264 |
| **totalassets** | float64 | 17339 | 172 | 17179 |
| **othercurrentliab** | float64 | 13304 | 4207 | 11837 |
| **deferredlongtermliab** | float64 | 2632 | 14879 | 2235 |
| **totalstockholderequity** | float64 | 17354 | 157 | 17100 |
| **totalliab** | float64 | 17326 | 185 | 17087 |
| **capitalsurplus** | float64 | 14489 | 3022 | 14068 |
| **intangibleassets** | float64 | 11238 | 6273 | 10234 |
| **shortterminvestments** | float64 | 3858 | 13653 | 3592 |
| **shortlongtermdebt** | float64 | 5435 | 12076 | 4282 |
| **minorityinterest** | float64 | 4405 | 13106 | 3732 |

### 4.4 Constructed Indicators

From the raw balance-sheet items, the following ratios were calculated:

- **Leverage** = Total Liabilities ÷ Total Assets
- **Equity-to-Assets** = Equity ÷ Total Assets
- **Current Ratio** = Current Assets ÷ Current Liabilities
- **Quick Ratio** = (Current Assets – Inventory) ÷ Current Liabilities
- **Working Capital-to-Assets** = (Current Assets – Current Liabilities) ÷ Total Assets
- **Cash-to-Assets** = Cash ÷ Total Assets
- **Receivables-to-Assets** = Net Receivables ÷ Total Assets
- **Inventory-to-Assets** = Inventory ÷ Total Assets
- **PPE-to-Assets** = PPE ÷ Total Assets
- **Intangibles-to-Assets** = Intangible Assets ÷ Total Assets
- **Retained Earnings-to-Assets** = Retained Earnings ÷ Total Assets
- **Asset Growth** = %Δ Total Assets (year-over-year, within firm)

**Python snippet that constructs these ratios.**

\# Construct financial ratios

\# Leverage ratio: Total Liabilities / Total Assets

df\['leverage'\] = df\['totalLiabilities'\] / df\['totalAssets'\]

\# Equity to Assets ratio

df\['equity_to_assets'\] = df\['totalEquity'\] / df\['totalAssets'\]

\# Current Ratio: Current Assets / Current Liabilities

df\['current_ratio'\] = df\['currentAssets'\] / df\['currentLiabilities'\]

\# Quick Ratio: (Current Assets – Inventory) / Current Liabilities

df\['quick_ratio'\] = (df\['currentAssets'\] - df\['inventory'\]) / df\['currentLiabilities'\]

\# Cash to Assets ratio

df\['cash_to_assets'\] = df\['cash'\] / df\['totalAssets'\]

\# Receivables to Assets ratio

df\['receivables_to_assets'\] = df\['receivables'\] / df\['totalAssets'\]

\# Inventory to Assets ratio

df\['inventory_to_assets'\] = df\['inventory'\] / df\['totalAssets'\]

\# PPE to Assets ratio

df\['ppe_to_assets'\] = df\['ppe'\] / df\['totalAssets'\]

\# Intangibles to Assets ratio

df\['intangibles_to_assets'\] = df\['intangibles'\] / df\['totalAssets'\]

\# Retained Earnings to Assets ratio

df\['re_to_assets'\] = df\['retainedEarnings'\] / df\['totalAssets'\]

\# Asset Growth: % change in Total Assets by firm

df\['asset_growth'\] = df.groupby('stock')\['totalAssets'\].pct_change()

df.head()

### 4.5 Analytical Techniques

**Descriptive Statistics and Correlation Analysis**

- Produced summary tables of central tendency and dispersion.
- Computed Pearson correlations to examine relationships among leverage, liquidity, and growth.
- Visualized distributions and time trends using histograms and line plots.


Figure 6: Average Current Ratio by Year

**Panel Regression (Preparation)**

- Fixed Effects (FE): Controls for firm-specific heterogeneity.
- Random Effects (RE): Assumes uncorrelated firm effects.
- Hausman Test: Determines whether FE or RE is appropriate.

**Dynamic Panel Estimation (Future Work)**

- System GMM to be applied once CEO pay variables are merged.
- Diagnostic tests: Hansen J-test, AR(2), instrument count checks.
- This ensures reliable estimation of causal effects.

![A white sheet of paper with text


### 4.6 Ethical Considerations and Limitations

The dataset consists of publicly available financial information and therefore does not involve personal data. Nevertheless, ethical standards were maintained:

- Ensured **confidentiality** by not disclosing firm-level identities in analysis.
- Avoided selective reporting of favorable results.
- Documented all data cleaning steps for transparency and reproducibility (Bryman & Bell, 2022).

Limitations include:

- Lack of CEO-specific pay data at this stage, restricting direct pay–performance testing.
- Potential survivorship bias in firms included.
- Limited contextual variables (e.g., macroeconomic shocks not explicitly modeled).

### 4.7 Quality Assurance Measures

To ensure robustness:

- **Cross-validation** was used in preliminary regression tests.
- **Visual checks** (histograms, scatter plots) were applied to identify anomalies.
- **Statistical checks** ensured normality of transformed variables.
- **Reproducibility** was achieved by running all steps in a Jupyter notebook and saving cleaned outputs (Dataset2_cleaned.csv).

### 4.8 Summary Statistics (Post-Cleaning)

The cleaned dataset contains **17,511 firm-years** across 31 variables. Winsorized ratios show that:

- Leverage averages ~0.45, with most firms in the 0.3–0.7 range.
- Current ratios vary widely, reflecting differences in liquidity management.
- Asset growth is volatile, indicating strong investment cycles.

|     | **leverage** | **equity_to_assets** | **current_ratio** | **quick_ratio** | **wc_to_assets** | **cash_to_assets** | **recv_to_assets** | **inv_to_assets** | **ppe_to_assets** | **re_to_assets** | **asset_growth** |
| --- | --- | --- | --- | --- | --- | --- | --- | --- | --- | --- | --- |
| **count** | 17315.0 | 17339.0 | 17305.0 | 17316.0 | 17305.0 | 16929.0 | 14544.0 | 9640.0 | 15768.0 | 16076.0 | 12961.0 |
| **mean** | 0.8713186596729830 | 0.019455444622948000 | 4.514191241900240 | 2.5003611880373200 | \-0.147117542554855 | 0.16419708447846000 | 0.11799855958285800 | 0.11015596115100600 | 0.236377943888766 | \-1.5387403214332900 | 42.581663851310400 |
| **std** | 27.69061245039930 | 27.731530153486500 | 73.88328073622940 | 14.340187324396100 | 27.694147652743600 | 0.22201655164076000 | 0.13476930765264100 | 0.1317559870704780 | 0.2750067289597220 | 22.521299907792700 | 4308.442774613150 |
| **min** | 0.0003907968606812520 | \-3604.731707317070 | 0.00027733621943382800 | 0.0 | \-3604.731707317070 | 9.56488169635046E-09 | 1.18741032931638E-06 | 2.82830411084273E-06 | 6.86619165698861E-06 | \-2293.6951219512200 | \-0.9513429421337670 |
| **1%** | 0.017041609905321300 | \-2.4896548475910100 | 0.025990486008760200 | 0.010792815932269600 | \-0.8648550729865350 | 0.0003719567692782660 | 0.0007314492290119160 | 6.4165054285335E-05 | 0.0009726912418890520 | \-23.604824182290000 | \-0.5377736551963410 |
| **5%** | 0.10221414663799900 | \-0.25935663001827300 | 0.05988600420032070 | 0.030812980287082000 | \-0.7915584531118410 | 0.00321871449326768 | 0.004135778484005980 | 0.00046952287438785100 | 0.004640636204470500 | \-6.411711047008720 | \-0.25286172222911400 |
| **25%** | 0.3538010802470520 | 0.16920386224071500 | 0.9510082283756760 | 0.4938001067432920 | \-0.006425223559122740 | 0.022548057705585200 | 0.027010230433030500 | 0.010782928664853400 | 0.029381064678207300 | \-0.6059158320509090 | \-0.021816923527101500 |
| **50%** | 0.5603136792171320 | 0.4040057039149600 | 1.734744920683870 | 1.0554958815869300 | 0.12294225241703700 | 0.07293275445311830 | 0.08008298688393280 | 0.06820338321671410 | 0.11130028919403600 | 0.021849630003145900 | 0.05763735537814020 |
| **75%** | 0.7833717279793360 | 0.6238992647329930 | 3.2478697332936800 | 1.9633853599296100 | 0.36792766438401700 | 0.2012950720644940 | 0.1585039472296880 | 0.1577887042560900 | 0.35035888563534100 | 0.21909185459245700 | 0.20479626269593600 |
| **95%** | 1.0378113954197900 | 0.8890937412865330 | 11.260168886036000 | 7.400847333417770 | 0.8070119412540430 | 0.7282148176829160 | 0.3666117171206980 | 0.37064847480088800 | 0.8565040053267200 | 0.6757080019989630 | 1.2086798606478400 |
| **99%** | 2.094994060291840 | 0.9847078365965650 | 32.490904574097200 | 24.926047149283100 | 0.9297678815228580 | 0.9651817338529520 | 0.7221373342384100 | 0.6270192817683810 | 0.9408246435745010 | 1.0985236945944700 | 5.689979309358290 |
| **max** | 3605.731707317070 | 1.830201702584550 | 8912.147176363390 | 1342.5385448246000 | 0.999887793594494 | 1.0 | 0.9948220455781830 | 0.9000723239392240 | 0.9912646244922080 | 7.239587303315730 | 488934.0975609760 |

Correlation

|     | **leverage** | **equity_to_assets** | **current_ratio** | **quick_ratio** | **wc_to_assets** | **cash_to_assets** | **receivables_to_assets** | **inventory_to_assets** | **ppe_to_assets** | **intangibles_to_assets** | **retained_earnings_to_assets** | **asset_growth** |
| --- | --- | --- | --- | --- | --- | --- | --- | --- | --- | --- | --- | --- |
| **leverage** | 1.0 | \-0.7571717566032040 | \-0.3711732378063880 | \-0.49762093644275000 | \-0.5344242114894350 | \-0.19402071348441500 | 0.12064950295587600 | \-0.1300819453259840 | \-0.0215000110725362 | \-0.03268046875241090 | \-0.17272841047032400 | \-0.12630301658025300 |
| **equity_to_assets** | \-0.7571717566032040 | 1.0 | 0.21517639627011200 | 0.36930551823837900 | 0.3275569311711290 | \-0.06107957125644810 | \-0.08913679818875110 | 0.0956715704314285 | 0.046186057376201400 | 0.025565200327209600 | 0.2674835746960790 | 0.010731652672283200 |
| **current_ratio** | \-0.3711732378063880 | 0.21517639627011200 | 1.0 | 0.8710668043231730 | 0.5764935997864200 | 0.36134725963532300 | 0.13485311634598500 | 0.231997217378681 | \-0.14013188515247000 | \-0.03864216146705070 | \-0.04534351271009290 | 0.2526441928312750 |
| **quick_ratio** | \-0.49762093644275000 | 0.36930551823837900 | 0.8710668043231730 | 1.0 | 0.647677475861196 | 0.5205028229096390 | 0.014229769598065400 | \-0.027476472618697200 | \-0.12040067625178800 | \-0.017245912721183600 | \-0.056976463483072500 | 0.17179055663461300 |
| **wc_to_assets** | \-0.5344242114894350 | 0.3275569311711290 | 0.5764935997864200 | 0.647677475861196 | 1.0 | 0.5072642484449970 | 0.2402093822481050 | 0.43406873132957000 | \-0.0970144076544786 | 0.06695463084416770 | \-0.08243722307605210 | 0.18673707725916800 |
| **cash_to_assets** | \-0.19402071348441500 | \-0.06107957125644810 | 0.36134725963532300 | 0.5205028229096390 | 0.5072642484449970 | 1.0 | \-0.0530388268034686 | 0.002287156308265920 | \-0.3034150720512620 | \-0.08586256013937400 | \-0.4162761403869750 | 0.28279576537625000 |
| **receivables_to_assets** | 0.12064950295587600 | \-0.08913679818875110 | 0.13485311634598500 | 0.014229769598065400 | 0.2402093822481050 | \-0.0530388268034686 | 1.0 | 0.1873289496176880 | \-0.31181011000205900 | \-0.1235477869634020 | 0.0215282004395651 | \-0.03821261030127090 |
| **inventory_to_assets** | \-0.1300819453259840 | 0.0956715704314285 | 0.231997217378681 | \-0.027476472618697200 | 0.43406873132957000 | 0.002287156308265920 | 0.1873289496176880 | 1.0 | \-0.1433190604111500 | \-0.06987393259759080 | \-0.004871644723232850 | \-0.03848098652814590 |
| **ppe_to_assets** | \-0.0215000110725362 | 0.046186057376201400 | \-0.14013188515247000 | \-0.12040067625178800 | \-0.0970144076544786 | \-0.3034150720512620 | \-0.31181011000205900 | \-0.1433190604111500 | 1.0 | \-0.20371114730170300 | 0.08898803884238780 | \-0.10831552687856600 |
| **intangibles_to_assets** | \-0.03268046875241090 | 0.025565200327209600 | \-0.03864216146705070 | \-0.017245912721183600 | 0.06695463084416770 | \-0.08586256013937400 | \-0.1235477869634020 | \-0.06987393259759080 | \-0.20371114730170300 | 1.0 | \-0.04040716145981530 | 0.048773050209966600 |
| **retained_earnings_to_assets** | \-0.17272841047032400 | 0.2674835746960790 | \-0.04534351271009290 | \-0.056976463483072500 | \-0.08243722307605210 | \-0.4162761403869750 | 0.0215282004395651 | \-0.004871644723232850 | 0.08898803884238780 | \-0.04040716145981530 | 1.0 | 0.004148839764131440 |
| **asset_growth** | \-0.12630301658025300 | 0.010731652672283200 | 0.2526441928312750 | 0.17179055663461300 | 0.18673707725916800 | 0.28279576537625000 | \-0.03821261030127090 | \-0.03848098652814590 | \-0.10831552687856600 | 0.048773050209966600 | 0.004148839764131440 | 1.0 |

### 4.9 Tools and Technologies Used

- **Python**: Pandas, NumPy (data management), Matplotlib (visualization).
- **Jupyter Notebook**: Documentation and reproducibility.
- **Stata (xtabond2)**: For future System GMM estimation.
- **GitHub**: Version control, code repository.


## Data Dictionary

The dataset contains 31 variables spanning firm identifiers, financial statement items, and derived ratios. Table 1 presents the structured data dictionary.

| **Variable Name** | **Description** | **Type** | **Formula / Notes** |
| --- | --- | --- | --- |
| stock | Unique firm identifier (ticker) | Categorical | Company-level panel identifier |
| enddate | Fiscal year end date | Date | Converted to YYYY-MM-DD |
| totalAssets | Total assets at year end | Continuous | Balance sheet |
| totalLiabilities | Total liabilities | Continuous | Balance sheet |
| equity | Shareholders’ equity | Continuous | Balance sheet |
| currentAssets | Current assets | Continuous | Balance sheet |
| currentLiabilities | Current liabilities | Continuous | Balance sheet |
| cash | Cash and cash equivalents | Continuous | Balance sheet |
| inventory | Inventories | Continuous | Balance sheet |
| netReceivables | Trade receivables | Continuous | Balance sheet |
| ppe | Property, plant & equipment | Continuous | Balance sheet |
| intangibles | Intangible assets | Continuous | Balance sheet |
| retainedEarnings | Retained earnings | Continuous | Balance sheet |
| leverage | Leverage ratio | Derived | \= Total Liabilities ÷ Total Assets |
| equity_to_assets | Equity-to-assets ratio | Derived | \= Equity ÷ Total Assets |
| current_ratio | Liquidity ratio | Derived | \= Current Assets ÷ Current Liabilities |
| quick_ratio | Quick ratio (acid test) | Derived | \= (Current Assets – Inventory) ÷ Current Liabilities |
| wc_to_assets | Working capital-to-assets ratio | Derived | \= (Current Assets – Current Liabilities) ÷ Total Assets |
| cash_to_assets | Cash-to-assets ratio | Derived | \= Cash ÷ Total Assets |
| receivables_to_assets | Receivables-to-assets ratio | Derived | \= Net Receivables ÷ Total Assets |
| inventory_to_assets | Inventory-to-assets ratio | Derived | \= Inventory ÷ Total Assets |
| ppe_to_assets | PPE-to-assets ratio | Derived | \= PPE ÷ Total Assets |
| intangibles_to_assets | Intangibles-to-assets ratio | Derived | \= Intangibles ÷ Total Assets |
| re_to_assets | Retained earnings-to-assets ratio | Derived | \= Retained Earnings ÷ Total Assets |
| asset_growth | Year-over-year asset growth | Derived | %Δ Total Assets (grouped by stock) |
| year | Extracted reporting year | Categorical | From enddate |
| industry_dummy | Industry fixed effects (0/1) | Dummy | Created from firm’s industry classification |
| size_log_assets | Firm size | Derived | log(Total Assets) |
| winsorized_vars | Outlier-adjusted ratios | Derived | Winsorized at 1st and 99th percentiles |

### ****Python Code Snippets (Jupyter Notebook)****

**1\. Create Data Dictionary as Pandas DataFrame**

import pandas as pd

data_dict = {

"Variable Name": \[

"stock", "enddate", "totalAssets", "totalLiabilities", "equity",

"currentAssets", "currentLiabilities", "cash", "inventory", "netReceivables",

"ppe", "intangibles", "retainedEarnings", "leverage", "equity_to_assets",

"current_ratio", "quick_ratio", "wc_to_assets", "cash_to_assets",

"receivables_to_assets", "inventory_to_assets", "ppe_to_assets",

"intangibles_to_assets", "re_to_assets", "asset_growth", "year",

"industry_dummy", "size_log_assets", "winsorized_vars"

\],

"Description": \[

"Unique firm identifier", "Fiscal year end date", "Total assets", "Total liabilities", "Shareholders’ equity",

